42
Aalg       0.0000000 0.6041432 1.1358876 1.3448702 1.2298237 1.0970081 0.8474551 0.9948889 0.9282174 1.0058264 1.0359082 0.9099995 0.8995119 1.0397996 0.9048607 0.9027160 1.1424104 0.8621241 0.8686750 1.0299074 1.2677403 0.9233727 0.9318120 0.9852304 1.0184017 0.9586076 1.1159421 0.9218077 1.1091222 1.0888332 1.0852476 0.9437890 0.9649187 1.0716459 0.9288240 0.9931687 0.9097846 0.8066756 0.9445213 0.2402466 1.0047700 0.9144326 
Aloc       0.6041432 0.0000000 1.1027695 1.2209650 1.1785415 1.0742746 0.7809863 0.8736975 0.8489071 0.9699447 0.9819398 0.8214428 0.8166443 0.9849936 0.8237435 0.8191288 1.1012062 0.7828963 0.7897846 1.0078139 1.2116282 0.8821189 0.8801786 0.9242545 0.9477686 0.9098441 1.0413147 0.8640804 1.0761573 1.0487315 1.0463089 0.8518245 0.9211556 1.0084993 0.8629703 0.9756056 0.8498568 0.7129609 0.8612183 0.6061268 0.9520592 0.8556103 
Amac       1.1358876 1.1027695 0.0000000 0.7693509 0.3740431 1.2665865 1.0531951 1.1815907 1.1157416 1.2094764 1.2430894 1.0850142 1.0812814 1.2075830 1.0862766 1.0811017 1.2622634 1.0717120 1.0711943 0.4807524 0.8978304 1.1575821 1.1418537 1.1483300 1.1560073 1.1522132 1.0557856 1.1132812 1.0855277 1.0397180 1.0439073 1.1060871 1.1543587 0.4532738 1.0939236 0.3929345 1.0748983 0.9734031 1.1384514 1.1163483 1.2200659 1.0901751 
Amph       1.3448702 1.2209650 0.7693509 0.0000000 0.8188644 1.3638080 1.2288441 1.1822915 1.2596455 1.4073264 1.4050144 1.1714992 1.1811923 1.4263704 1.1949251 1.1806404 1.4189133 1.2170682 1.2170330 0.8233740 0.5504111 1.2803890 1.2446616 1.2585626 1.2838869 1.2955333 1.2465633 1.2259744 1.2665617 1.2480210 1.2384991 1.1972560 1.3594781 0.7218874 1.3044114 0.7366569 1.2224753 1.1069552 1.2321990 1.3253741 1.3179329 1.2758999 
Bden       1.2298237 1.1785415 0.3740431 0.8188644 0.0000000 1.4191840 1.1619226 1.2851301 1.1860496 1.2946539 1.3029298 1.1748427 1.1670306 1.3809021 1.1754259 1.1706713 1.3716746 1.1530237 1.1583376 0.4935735 0.9138394 1.2208984 1.2178818 1.2190716 1.2228428 1.2386261 1.1919992 1.1936119 1.2041587 1.1872634 1.1900134 1.1957117 1.2442853 0.4834449 1.2501406 0.4085560 1.1783485 1.0559471 1.2455871 1.2394773 1.2775766 1.2137561 
Cdik       1.0970081 1.0742746 1.2665865 1.3638080 1.4191840 0.0000000 0.9520936 1.0369079 1.1415382 1.2325752 1.2340234 1.0903532 1.0887428 1.2535371 1.0939465 1.0879735 1.2350611 1.0468463 1.0446971 1.2100845 1.3725857 1.0929896 1.1230014 1.1546689 1.1393535 1.1209328 1.2520047 1.1133779 1.2442988 1.2307879 1.2131408 1.1071025 1.0422084 1.1282371 0.9817664 1.1869423 0.9854550 1.0232517 0.9769071 1.1062115 1.1995613 0.9960438 
Dmul       0.8474551 0.7809863 1.0531951 1.2288441 1.1619226 0.9520936 0.0000000 0.1595851 0.8414535 0.9545318 1.0259160 0.8312062 0.8249764 0.9874968 0.8305823 0.8287921 1.0551956 0.7556747 0.7621800 0.9506126 1.2021814 0.8423526 0.8536803 0.8871880 0.9157445 0.8710075 1.0195918 0.8478313 1.0388716 1.0167614 1.0119828 0.8615333 0.7745879 0.9841459 0.7552764 0.9121395 0.7013101 0.6974497 0.7448019 0.8320425 0.9489679 0.7274748 
Droe       0.9948889 0.8736975 1.1815907 1.1822915 1.2851301 1.0369079 0.1595851 0.0000000 0.9642344 1.1499955 1.1922292 0.9274156 0.9135168 1.1363104 0.9171332 0.9240441 1.2293509 0.8334297 0.8492411 1.1785289 1.1929775 0.9631760 0.9639570 0.9908572 1.0192587 0.9947854 1.1986272 0.9442703 1.1968901 1.1974804 1.1831242 0.9592932 0.9257700 1.1364461 0.8946038 1.0991058 0.8010186 0.7899281 0.8467275 0.9542228 1.0129830 0.8382085 
Eaed       0.9282174 0.8489071 1.1157416 1.2596455 1.1860496 1.1415382 0.8414535 0.9642344 0.0000000 1.0521189 1.1337150 0.8959505 0.8922328 1.1268807 0.8932723 0.8916934 1.2544090 0.7738542 0.7899701 1.0741137 1.3747447 0.9404075 0.9549332 1.0138806 1.0012775 0.9730512 1.1119461 0.9349303 1.1446306 1.1232399 1.1091636 0.9218653 0.9425524 1.0464671 0.9477579 1.0376121 0.8902895 0.7404436 0.9336963 0.9120442 1.0083207 0.9340143 
Ebien      1.0058264 0.9699447 1.2094764 1.4073264 1.2946539 1.2325752 0.9545318 1.1499955 1.0521189 0.0000000 0.4105218 0.8497297 0.8356873 0.4220391 0.8425739 0.8357961 0.7256138 1.0114588 1.0181155 1.0826948 1.3506454 0.8648958 0.8628823 0.8905732 0.9339512 0.8817579 1.1400482 0.8548701 1.1658779 1.1296751 1.1229200 0.8577381 1.0460875 1.1292676 0.9691709 1.0675192 0.9542597 0.9125328 1.0184023 1.0077862 0.6389017 0.9942193 
Ecan       1.0359082 0.9819398 1.2430894 1.4050144 1.3029298 1.2340234 1.0259160 1.1922292 1.1337150 0.4105218 0.0000000 0.8647216 0.8615947 0.4124870 0.8642100 0.8633855 0.7155224 1.0560372 1.0650844 1.1346036 1.3356379 0.8828141 0.8931164 0.9020315 0.9436784 0.9107903 1.1510812 0.8836788 1.1852514 1.1730980 1.1640451 0.8894897 1.1216555 1.0912450 1.0523608 1.0740095 0.9849672 0.9157816 1.0723378 1.0387029 0.6731552 1.0739699 
Ecun       0.9099995 0.8214428 1.0850142 1.1714992 1.1748427 1.0903532 0.8312062 0.9274156 0.8959505 0.8497297 0.8647216 0.0000000 0.1170690 0.8712365 0.1213885 0.1162433 0.9523366 0.8449469 0.8528352 1.0129743 1.1832496 0.6255284 0.6015529 0.6494154 0.6403400 0.6382502 1.0661063 0.5862996 1.0945432 1.0587914 1.0596411 0.2777377 0.9449762 0.9988948 0.9398928 0.9813997 0.8722173 0.7402626 0.9091668 0.9022385 0.7910536 0.9084648 
Ehel       0.8995119 0.8166443 1.0812814 1.1811923 1.1670306 1.0887428 0.8249764 0.9135168 0.8922328 0.8356873 0.8615947 0.1170690 0.0000000 0.8608368 0.1057922 0.0642256 0.9403809 0.8402076 0.8479721 1.0051186 1.1818109 0.6123297 0.5915678 0.6340167 0.6301856 0.6250821 1.0637794 0.5731440 1.0860338 1.0496916 1.0518697 0.2769134 0.9347904 1.0010158 0.9310896 0.9720584 0.8645187 0.7307092 0.8993820 0.8862967 0.7778488 0.8981363 
Ehep       1.0397996 0.9849936 1.2075830 1.4263704 1.3809021 1.2535371 0.9874968 1.1363104 1.1268807 0.4220391 0.4124870 0.8712365 0.8608368 0.0000000 0.8684212 0.8600833 0.7445970 1.0599773 1.0842568 1.1409606 1.3675278 0.8791932 0.8713231 0.9388356 0.9541417 0.9068158 1.1276247 0.8800838 1.1514499 1.1285606 1.1205536 0.8843910 1.1039378 1.1627922 1.0249920 1.0784916 0.9907417 0.9182459 1.0898230 1.0300610 0.6805526 1.0491811 
Eint       0.9048607 0.8237435 1.0862766 1.1949251 1.1754259 1.0939465 0.8305823 0.9171332 0.8932723 0.8425739 0.8642100 0.1213885 0.1057922 0.8684212 0.0000000 0.1076206 0.9516327 0.8472107 0.8557608 1.0152766 1.1823365 0.6139467 0.5949904 0.6393906 0.6320441 0.6317639 1.0707477 0.5790929 1.0908059 1.0547813 1.0547758 0.2825847 0.9427288 0.9999700 0.9415441 0.9746507 0.8671344 0.7393766 0.9054201 0.8925056 0.7913829 0.9039107 
Eroe       0.9027160 0.8191288 1.0811017 1.1806404 1.1706713 1.0879735 0.8287921 0.9240441 0.8916934 0.8357961 0.8633855 0.1162433 0.0642256 0.8600833 0.1076206 0.0000000 0.9404024 0.8444920 0.8520337 1.0051878 1.1825117 0.6136431 0.5951315 0.6404848 0.6344004 0.6298159 1.0673212 0.5806765 1.0908892 1.0538774 1.0552510 0.2819557 0.9413960 1.0033981 0.9395017 0.9742241 0.8633384 0.7364261 0.9063989 0.8907733 0.7806513 0.9059118 
Heri       1.1424104 1.1012062 1.2622634 1.4189133 1.3716746 1.2350611 1.0551956 1.2293509 1.2544090 0.7256138 0.7155224 0.9523366 0.9403809 0.7445970 0.9516327 0.9404024 0.0000000 1.1590667 1.1881013 1.2577508 1.3230895 0.9889413 0.9841292 1.0005296 1.0360825 1.0195187 1.2562052 0.9792481 1.2711250 1.2763524 1.2623592 0.9722685 1.2969464 1.1520743 1.1962620 1.1798132 1.0820319 1.0175326 1.1670349 1.1498312 0.7843611 1.1791602 
Hmag       0.8621241 0.7828963 1.0717120 1.2170682 1.1530237 1.0468463 0.7556747 0.8334297 0.7738542 1.0114588 1.0560372 0.8449469 0.8402076 1.0599773 0.8472107 0.8444920 1.1590667 0.0000000 0.0025087 1.0256876 1.2499101 0.8905215 0.9004878 0.9415983 0.9616222 0.9181834 1.0719112 0.8915743 1.1001751 1.0580653 1.0510928 0.8727864 0.8719153 1.0459476 0.8720524 0.9670439 0.8366279 0.6688248 0.8411112 0.8523274 0.9800561 0.8454289 
Htva       0.8686750 0.7897846 1.0711943 1.2170330 1.1583376 1.0446971 0.7621800 0.8492411 0.7899701 1.0181155 1.0650844 0.8528352 0.8479721 1.0842568 0.8557608 0.8520337 1.1881013 0.0025087 0.0000000 1.0438116 1.2520938 0.9012452 0.9089313 0.9435643 0.9731111 0.9289749 1.0799690 0.8996204 1.0982159 1.0621957 1.0610909 0.8792948 0.8793812 1.0484876 0.8780074 0.9789681 0.8447860 0.6719803 0.8475798 0.8603191 0.9938436 0.8512156 
Mdap       1.0299074 1.0078139 0.4807524 0.8233740 0.4935735 1.2100845 0.9506126 1.1785289 1.0741137 1.0826948 1.1346036 1.0129743 1.0051186 1.1409606 1.0152766 1.0051878 1.2577508 1.0256876 1.0438116 0.0000000 0.8970644 1.0772966 1.0861604 1.1079710 1.1295613 1.1054501 1.0049881 1.0576881 0.9997608 1.0113881 1.0010608 1.0365755 1.0424226 0.4301838 1.0855831 0.4298990 1.0087142 0.8840095 1.1017206 1.0225940 1.1751672 1.0461070 
Metch      1.2677403 1.2116282 0.8978304 0.5504111 0.9138394 1.3725857 1.2021814 1.1929775 1.3747447 1.3506454 1.3356379 1.1832496 1.1818109 1.3675278 1.1823365 1.1825117 1.3230895 1.2499101 1.2520938 0.8970644 0.0000000 1.2583573 1.2563837 1.2401773 1.2594344 1.2673510 1.2685898 1.2147947 1.2758871 1.2492932 1.2463974 1.2122887 1.3654113 0.7910180 1.2979459 0.8069050 1.2179336 1.1245947 1.2519955 1.2886054 1.3274993 1.2945910 
NYNPr      0.9233727 0.8821189 1.1575821 1.2803890 1.2208984 1.0929896 0.8423526 0.9631760 0.9404075 0.8648958 0.8828141 0.6255284 0.6123297 0.8791932 0.6139467 0.6136431 0.9889413 0.8905215 0.9012452 1.0772966 1.2583573 0.0000000 0.4147530 0.3085662 0.4383124 0.1806226 1.0978337 0.4041204 1.1293318 1.0917813 1.0916724 0.6499105 0.9644796 1.0739845 0.9569337 1.0270858 0.8846717 0.7989175 0.9261834 0.9253500 0.8247135 0.9173304 
Nant       0.9318120 0.8801786 1.1418537 1.2446616 1.2178818 1.1230014 0.8536803 0.9639570 0.9549332 0.8628823 0.8931164 0.6015529 0.5915678 0.8713231 0.5949904 0.5951315 0.9841292 0.9004878 0.9089313 1.0861604 1.2563837 0.4147530 0.0000000 0.4294054 0.0230981 0.4287683 1.1044539 0.1681217 1.1408213 1.1075083 1.1030998 0.6327047 0.9612310 1.0642294 0.9733676 1.0316286 0.9028741 0.7911127 0.9349886 0.9267665 0.8282249 0.9334467 
Napi       0.9852304 0.9242545 1.1483300 1.2585626 1.2190716 1.1546689 0.8871880 0.9908572 1.0138806 0.8905732 0.9020315 0.6494154 0.6340167 0.9388356 0.6393906 0.6404848 1.0005296 0.9415983 0.9435643 1.1079710 1.2401773 0.3085662 0.4294054 0.0000000 0.4496266 0.3024731 1.1360241 0.4112063 1.1578691 1.1181078 1.1215941 0.6815093 0.9928983 1.0671362 1.0188712 1.0384887 0.9161608 0.8343210 0.9444429 0.9679060 0.8899065 0.9713976 
Nbom       1.0184017 0.9477686 1.1560073 1.2838869 1.2228428 1.1393535 0.9157445 1.0192587 1.0012775 0.9339512 0.9436784 0.6403400 0.6301856 0.9541417 0.6320441 0.6344004 1.0360825 0.9616222 0.9731111 1.1295613 1.2594344 0.4383124 0.0230981 0.4496266 0.0000000 0.4547941 1.1837489 0.1735680 1.2142129 1.1741688 1.1622647 0.6784202 1.0150557 1.0639048 1.0580209 1.0660332 0.9643108 0.8533040 0.9995519 1.0138180 0.9076199 1.0092168 
Ncer       0.9586076 0.9098441 1.1522132 1.2955333 1.2386261 1.1209328 0.8710075 0.9947854 0.9730512 0.8817579 0.9107903 0.6382502 0.6250821 0.9068158 0.6317639 0.6298159 1.0195187 0.9181834 0.9289749 1.1054501 1.2673510 0.1806226 0.4287683 0.3024731 0.4547941 0.0000000 1.1355454 0.4145050 1.1639215 1.1276663 1.1246358 0.6692569 0.9909195 1.0907714 0.9891710 1.0373246 0.9190846 0.8147825 0.9516517 0.9532544 0.8448164 0.9487926 
Ndis       1.1159421 1.0413147 1.0557856 1.2465633 1.1919992 1.2520047 1.0195918 1.1986272 1.1119461 1.1400482 1.1510812 1.0661063 1.0637794 1.1276247 1.0707477 1.0673212 1.2562052 1.0719112 1.0799690 1.0049881 1.2685898 1.0978337 1.1044539 1.1360241 1.1837489 1.1355454 0.0000000 1.0875092 0.3536385 0.3420651 0.3410341 1.0944043 1.0831906 1.0456994 1.0729953 0.9772287 1.0616037 0.9632795 1.1198415 1.0882458 1.1603791 1.0808472 
Ngra       0.9218077 0.8640804 1.1132812 1.2259744 1.1936119 1.1133779 0.8478313 0.9442703 0.9349303 0.8548701 0.8836788 0.5862996 0.5731440 0.8800838 0.5790929 0.5806765 0.9792481 0.8915743 0.8996204 1.0576881 1.2147947 0.4041204 0.1681217 0.4112063 0.1735680 0.4145050 1.0875092 0.0000000 1.1350170 1.0945821 1.0886433 0.6179923 0.9517809 1.0465371 0.9671720 1.0083825 0.8860529 0.7818826 0.9253377 0.9127063 0.8116858 0.9167319 
Np1E6      1.1091222 1.0761573 1.0855277 1.2665617 1.2041587 1.2442988 1.0388716 1.1968901 1.1446306 1.1658779 1.1852514 1.0945432 1.0860338 1.1514499 1.0908059 1.0908892 1.2711250 1.1001751 1.0982159 0.9997608 1.2758871 1.1293318 1.1408213 1.1578691 1.2142129 1.1639215 0.3536385 1.1350170 0.0000000 0.1088125 0.1066041 1.1275289 1.1122118 1.0565135 1.0794660 0.9774732 1.0719767 0.9925332 1.1223239 1.1085663 1.1708990 1.1003970 
Nparm1     1.0888332 1.0487315 1.0397180 1.2480210 1.1872634 1.2307879 1.0167614 1.1974804 1.1232399 1.1296751 1.1730980 1.0587914 1.0496916 1.1285606 1.0547813 1.0538774 1.2763524 1.0580653 1.0621957 1.0113881 1.2492932 1.0917813 1.1075083 1.1181078 1.1741688 1.1276663 0.3420651 1.0945821 0.1088125 0.0000000 0.0083815 1.0884796 1.0898487 1.0303785 1.0602125 0.9669598 1.0356131 0.9628675 1.0969733 1.0873686 1.1465121 1.0709584 
Nspm5      1.0852476 1.0463089 1.0439073 1.2384991 1.1900134 1.2131408 1.0119828 1.1831242 1.1091636 1.1229200 1.1640451 1.0596411 1.0518697 1.1205536 1.0547758 1.0552510 1.2623592 1.0510928 1.0610909 1.0010608 1.2463974 1.0916724 1.1030998 1.1215941 1.1622647 1.1246358 0.3410341 1.0886433 0.1066041 0.0083815 0.0000000 1.0853919 1.0838263 1.0321505 1.0656436 0.9727973 1.0336854 0.9561193 1.1010134 1.0798075 1.1446023 1.0756710 
Ocol       0.9437890 0.8518245 1.1060871 1.1972560 1.1957117 1.1071025 0.8615333 0.9592932 0.9218653 0.8577381 0.8894897 0.2777377 0.2769134 0.8843910 0.2825847 0.2819557 0.9722685 0.8727864 0.8792948 1.0365755 1.2122887 0.6499105 0.6327047 0.6815093 0.6784202 0.6692569 1.0944043 0.6179923 1.1275289 1.0884796 1.0853919 0.0000000 0.9695975 1.0301481 0.9662491 0.9918129 0.8932936 0.7619674 0.9261442 0.9361744 0.8173716 0.9286091 
Pneu       0.9649187 0.9211556 1.1543587 1.3594781 1.2442853 1.0422084 0.7745879 0.9257700 0.9425524 1.0460875 1.1216555 0.9449762 0.9347904 1.1039378 0.9427288 0.9413960 1.2969464 0.8719153 0.8793812 1.0424226 1.3654113 0.9644796 0.9612310 0.9928983 1.0150557 0.9909195 1.0831906 0.9517809 1.1122118 1.0898487 1.0838263 0.9695975 0.0000000 1.0424886 0.4458037 1.0390472 0.8048292 0.8304459 0.4075978 0.9462234 1.0880854 0.4028464 
Psac       1.0716459 1.0084993 0.4532738 0.7218874 0.4834449 1.1282371 0.9841459 1.1364461 1.0464671 1.1292676 1.0912450 0.9988948 1.0010158 1.1627922 0.9999700 1.0033981 1.1520743 1.0459476 1.0484876 0.4301838 0.7910180 1.0739845 1.0642294 1.0671362 1.0639048 1.0907714 1.0456994 1.0465371 1.0565135 1.0303785 1.0321505 1.0301481 1.0424886 0.0000000 1.0641154 0.4053727 1.0199488 0.9115002 1.0905823 1.0626929 1.1464586 1.0545683 
Psp        0.9288240 0.8629703 1.0939236 1.3044114 1.2501406 0.9817664 0.7552764 0.8946038 0.9477579 0.9691709 1.0523608 0.9398928 0.9310896 1.0249920 0.9415441 0.9395017 1.1962620 0.8720524 0.8780074 1.0855831 1.2979459 0.9569337 0.9733676 1.0188712 1.0580209 0.9891710 1.0729953 0.9671720 1.0794660 1.0602125 1.0656436 0.9662491 0.4458037 1.0641154 0.0000000 1.0430448 0.8279220 0.7905923 0.2511162 0.9027993 1.0643643 0.2481105 
Rall       0.9931687 0.9756056 0.3929345 0.7366569 0.4085560 1.1869423 0.9121395 1.0991058 1.0376121 1.0675192 1.0740095 0.9813997 0.9720584 1.0784916 0.9746507 0.9742241 1.1798132 0.9670439 0.9789681 0.4298990 0.8069050 1.0270858 1.0316286 1.0384887 1.0660332 1.0373246 0.9772287 1.0083825 0.9774732 0.9669598 0.9727973 0.9918129 1.0390472 0.4053727 1.0430448 0.0000000 0.9710194 0.8678395 1.0481796 0.9843345 1.0728992 0.9973926 
Slop       0.9097846 0.8498568 1.0748983 1.2224753 1.1783485 0.9854550 0.7013101 0.8010186 0.8902895 0.9542597 0.9849672 0.8722173 0.8645187 0.9907417 0.8671344 0.8633384 1.0820319 0.8366279 0.8447860 1.0087142 1.2179336 0.8846717 0.9028741 0.9161608 0.9643108 0.9190846 1.0616037 0.8860529 1.0719767 1.0356131 1.0336854 0.8932936 0.8048292 1.0199488 0.8279220 0.9710194 0.0000000 0.7431017 0.7870587 0.8788143 0.9670316 0.7779978 
Tcon       0.8066756 0.7129609 0.9734031 1.1069552 1.0559471 1.0232517 0.6974497 0.7899281 0.7404436 0.9125328 0.9157816 0.7402626 0.7307092 0.9182459 0.7393766 0.7364261 1.0175326 0.6688248 0.6719803 0.8840095 1.1245947 0.7989175 0.7911127 0.8343210 0.8533040 0.8147825 0.9632795 0.7818826 0.9925332 0.9628675 0.9561193 0.7619674 0.8304459 0.9115002 0.7905923 0.8678395 0.7431017 0.0000000 0.7652345 0.7937149 0.8754508 0.7534111 
Thom       0.9445213 0.8612183 1.1384514 1.2321990 1.2455871 0.9769071 0.7448019 0.8467275 0.9336963 1.0184023 1.0723378 0.9091668 0.8993820 1.0898230 0.9054201 0.9063989 1.1670349 0.8411112 0.8475798 1.1017206 1.2519955 0.9261834 0.9349886 0.9444429 0.9995519 0.9516517 1.1198415 0.9253377 1.1223239 1.0969733 1.1010134 0.9261442 0.4075978 1.0905823 0.2511162 1.0481796 0.7870587 0.7652345 0.0000000 0.9373336 1.0510252 0.0728507 
Trat       0.2402466 0.6061268 1.1163483 1.3253741 1.2394773 1.1062115 0.8320425 0.9542228 0.9120442 1.0077862 1.0387029 0.9022385 0.8862967 1.0300610 0.8925056 0.8907733 1.1498312 0.8523274 0.8603191 1.0225940 1.2886054 0.9253500 0.9267665 0.9679060 1.0138180 0.9532544 1.0882458 0.9127063 1.1085663 1.0873686 1.0798075 0.9361744 0.9462234 1.0626929 0.9027993 0.9843345 0.8788143 0.7937149 0.9373336 0.0000000 0.9936392 0.9049384 
Vcor       1.0047700 0.9520592 1.2200659 1.3179329 1.2775766 1.1995613 0.9489679 1.0129830 1.0083207 0.6389017 0.6731552 0.7910536 0.7778488 0.6805526 0.7913829 0.7806513 0.7843611 0.9800561 0.9938436 1.1751672 1.3274993 0.8247135 0.8282249 0.8899065 0.9076199 0.8448164 1.1603791 0.8116858 1.1708990 1.1465121 1.1446023 0.8173716 1.0880854 1.1464586 1.0643643 1.0728992 0.9670316 0.8754508 1.0510252 0.9936392 0.0000000 1.0428606 
Vcul       0.9144326 0.8556103 1.0901751 1.2758999 1.2137561 0.9960438 0.7274748 0.8382085 0.9340143 0.9942193 1.0739699 0.9084648 0.8981363 1.0491811 0.9039107 0.9059118 1.1791602 0.8454289 0.8512156 1.0461070 1.2945910 0.9173304 0.9334467 0.9713976 1.0092168 0.9487926 1.0808472 0.9167319 1.1003970 1.0709584 1.0756710 0.9286091 0.4028464 1.0545683 0.2481105 0.9973926 0.7779978 0.7534111 0.0728507 0.9049384 1.0428606 0.0000000 
